-9.156022810323494188e-01 3.960728632780682545e+00
-8.524282121631802100e-01 3.688767154093399725e+00
-7.660026755887339167e-01 3.324778567680375829e+00
-6.312110703594799865e-01 2.768681363259917649e+00
-4.849854255799163072e-01 2.256032332481141101e+00
-4.100738410315063476e-01 1.993571247326656470e+00
-3.394601526064059405e-01 1.767887026382575222e+00
-2.316629586108009953e-01 1.461388868317159861e+00
-1.211128351236089307e-01 1.186924285844023208e+00
-1.925218570646836103e-02 9.718070257478256257e-01
7.401673970185829177e-02 7.946014534183559741e-01
1.986470885744970882e-01 5.890349826516039222e-01
3.161364802157458076e-01 4.219621297322445619e-01
4.443362582803922489e-01 2.565843122229943818e-01
5.557600482014988241e-01 1.300888362662772080e-01
6.349472381506855445e-01 6.091627898388907170e-02
6.767181544784324210e-01 2.593520417581651749e-02
7.277846965610064167e-01 7.144103810703406054e-03
7.944822716243029603e-01 8.849238626389421825e-03
8.347753273546538733e-01 2.107773201164619969e-02
8.661274021093385844e-01 5.276603232999055315e-02
8.861568179873893225e-01 8.445490124152965628e-02
9.053657712302227711e-01 1.263584824592223210e-01
